Building disease table for gene KIF12
   
KIF12---------------------
all
time <- c(1.83, 1.75, 10.0, 13.0, 13.0, 12.0, 5.0, 13.0, 10.0, 5.0, 20.0, 11.0, )
status <-c(0, 0, 0, 0, 0, 0, 0, 0, 0, 0, 0, 0, )
   
KIF12---------------------
boys
time <- c(1.75, 10.0, 13.0, 13.0, 5.0, 20.0, 11.0, )
status <-c(0, 0, 0, 0, 0, 0, 0, )
   
KIF12---------------------
girls
time <- c(1.83, 13.0, 12.0, 5.0, 10.0, )
status <-c(0, 0, 0, 0, 0, )
Building disease table for gene ZFYVE19
   
ZFYVE19---------------------
all
time <- c(7.0, 17.0, 12.0, 14.0, 7.0, 5.0, 11.0, 5.0, 2.0, 5.0, )
status <-c(0, 0, 0, 0, 0, 0, 0, 0, 0, 0, )
   
ZFYVE19---------------------
boys
time <- c(7.0, 14.0, 7.0, 5.0, 11.0, 2.0, )
status <-c(0, 0, 0, 0, 0, 0, )
   
ZFYVE19---------------------
girls
time <- c(17.0, 12.0, 5.0, 5.0, )
status <-c(0, 0, 0, 0, )
Building disease table for gene ATP8B1
Missing sex for patient THES123_236
Missing sex for patient THES123_237
Missing sex for patient THES123_238
Missing sex for patient THES123_239
Missing sex for patient THES123_240
Missing sex for patient THES123_241
Missing sex for patient THES123_242
Missing sex for patient THES123_293
Missing sex for patient THES123_294
Missing sex for patient THES123_295
Missing sex for patient THES123_296
Missing sex for patient THES123_364
Missing sex for patient THES123_365
Missing sex for patient THES123_366
Missing sex for patient THES123_367
Missing sex for patient THES123_368
Missing sex for patient THES123_369
   
ATP8B1---------------------
all
time <- c(16.5, 5.0, 3.17, 12.25, 5.08, 15.75, 0.75, 28.0, 27.0, 27.0, 46.0, 61.0, 31.0, 43.0, 18.0, 47.0, 29.0, 57.0, 60.0, 24.0, 24.0, 58.0, 27.0, 53.0, 2448.0, 10.0, 20.0, 192.0, 264.0, 2.0, 3.0, 6.0, 17.0, 8.0, 9.0, 6.0, 5.0, 10.0, 14.0, 13.0, 8.0, 11.0, 6.0, 4.0, 31.5, 31.0, 38.5, 26.9, 22.3, 15.6, 11.8, 10.8, 0.75, 7.199999999999999, 10.8, 42.0, 3.0, 36.0, 36.0, 1.5, 15.0, 0.33, 6.0, 10.8, 1.0, 1.0, 1.5, 1.0, 2.0, 24.0, 72.0, 192.0, 16.5, 13.5, )
status <-c(0, 0, 0, 0, 0, 0, 0, 0, 0, 0, 0, 0, 0, 0, 0, 0, 0, 0, 0, 0, 0, 0, 0, 0, 0, 0, 0, 0, 0, 0, 0, 0, 0, 0, 0, 0, 0, 0, 0, 0, 0, 0, 0, 0, 0, 0, 0, 0, 1, 0, 0, 0, 0, 1, 0, 0, 0, 0, 0, 0, 0, 0, 0, 0, 0, 0, )
   
ATP8B1---------------------
boys
time <- c(16.5, 5.0, 12.25, 5.08, 15.75, 28.0, 46.0, 31.0, 18.0, 29.0, 24.0, 27.0, 53.0, 2448.0, 10.0, 20.0, 264.0, 3.0, 6.0, 17.0, 8.0, 9.0, 6.0, 5.0, 14.0, 13.0, 8.0, 11.0, 6.0, 4.0, 10.8, 1.5, 15.0, 6.0, 24.0, 72.0, 192.0, 16.5, 13.5, )
status <-c(0, 0, 0, 0, 0, 0, 0, 0, 0, 0, 0, 0, 0, 0, 0, 0, 0, 0, 0, 0, 0, 0, 0, 0, 0, 0, 0, 0, 0, 0, 0, 0, 0, 0, 0, 0, )
   
ATP8B1---------------------
girls
time <- c(3.17, 0.75, 27.0, 27.0, 61.0, 43.0, 47.0, 57.0, 60.0, 24.0, 58.0, 192.0, 2.0, 10.0, 0.75, 7.199999999999999, 10.8, 0.33, )
status <-c(0, 0, 0, 0, 0, 0, 0, 0, 0, 0, 0, 0, 0, 1, 0, 0, 1, )
Building disease table for gene SKIC3
Missing sex for patient THE060
Missing sex for patient THE061
Missing sex for patient THE070
Missing sex for patient THE071
Missing sex for patient THE072
Missing sex for patient THE073
Missing sex for patient THE074
Missing sex for patient THE075
Missing sex for patient THE076
Missing sex for patient THE077
Missing sex for patient THE078
Missing sex for patient THE079
Missing sex for patient THE080
Missing sex for patient THE081
Missing sex for patient THE082
Missing sex for patient THE083
Missing sex for patient THE084
Missing sex for patient THE106
   
SKIC3---------------------
all
time <- c(0.3, 11.0, 0.5, 0.5, 14.0, 11.0, 2.5, 2.5, 1.17, 8.0, 3.0, 13.0, 2.0, 1.0, 10.75, 5.75, 8.5, 4.17, 4.83, 2.08, 1.83, 22.0, 1.5, 1.25, 1.33, 4.0, 9.0, 2.0, 1.67, 1.0, 0.9, 4.0, 5.0, 4.0, 1.67, 2.1, 7.0, 10.0, 1.67, 2.0, 11.0, 1.1, 2.42, 12.5, 3.5, 3.25, 23.0, 14.0, 10.0, 12.0, 12.0, 11.0, 0.1, 0.25, 21.0, 20.0, 3.2, 2.1, 1.7, 2.2, 4.8, 17.0, 0.5, 0.5, 3.0, 14.0, 4.0, 1.67, 1.0, 31.0, 13.0, 1.25, 6.0, 6.0, 15.0, 7.0, 6.0, 0.25, 0.29, 0.42, 11.0, 1.5, 2.0, 3.0, 3.0, 10.0, 36.0, 0.5, 5.0, 0.5, 0.42, 7.0, 2.42, 12.0, 12.0, 11.0, )
status <-c(1, 0, 1, 1, 0, 0, 0, 0, 0, 1, 0, 0, 0, 0, 0, 0, 0, 0, 0, 0, 0, 0, 1, 0, 0, 0, 0, 1, 0, 0, 0, 0, 0, 0, 1, 1, 0, 0, 1, 1, 0, 0, 0, 0, 0, 0, 0, 0, 0, 0, 0, 0, 1, 1, 0, 0, 1, 1, 1, 1, 1, 0, 1, 1, 0, 0, 0, 0, 0, 0, 0, 1, 0, 0, 0, 0, 0, 1, 1, 1, 0, 1, 0, 0, 0, 0, 0, 0, 0, 1, 1, 0, 0, 0, 0, )
   
SKIC3---------------------
boys
time <- c(0.3, 11.0, 14.0, 2.5, 8.0, 3.0, 2.0, 1.0, 5.75, 4.83, 22.0, 1.5, 9.0, 1.67, 5.0, 4.0, 2.1, 7.0, 1.67, 2.0, 12.5, 3.5, 14.0, 12.0, 21.0, 3.2, 2.1, 4.8, 0.29, 0.42, 11.0, 1.5, 3.0, 10.0, 36.0, 0.5, 0.42, 7.0, 11.0, )
status <-c(1, 0, 0, 0, 1, 0, 0, 0, 0, 0, 0, 1, 0, 0, 0, 0, 1, 0, 1, 1, 0, 0, 0, 0, 0, 1, 1, 1, 1, 1, 0, 1, 0, 0, 0, 0, 1, 0, )
   
SKIC3---------------------
girls
time <- c(0.5, 0.5, 11.0, 2.5, 1.17, 13.0, 10.75, 8.5, 4.17, 2.08, 1.83, 1.25, 1.33, 4.0, 2.0, 1.0, 0.9, 4.0, 1.67, 10.0, 11.0, 1.1, 2.42, 3.25, 23.0, 10.0, 12.0, 11.0, 20.0, 1.7, 2.2, 17.0, 0.25, 2.0, 3.0, 5.0, 0.5, 2.42, 12.0, )
status <-c(1, 1, 0, 0, 0, 0, 0, 0, 0, 0, 0, 0, 0, 0, 1, 0, 0, 0, 1, 0, 0, 0, 0, 0, 0, 0, 0, 0, 0, 1, 1, 0, 1, 0, 0, 0, 1, 0, 0, )
Building disease table for gene SKIC2
Missing sex for patient SKIC243
Missing sex for patient SKIC244
Missing sex for patient SKIC245
Missing sex for patient SKIC246
Missing sex for patient SKIC247
Missing sex for patient SKIC248
   
SKIC2---------------------
all
time <- c(8.0, 2.8, 8.0, 3.4, 0.625, 1.5, 1.25, 1.33, 4.0, 9.0, 2.0, 1.67, 1.0, 0.9, 4.0, 5.0, 4.0, 1.67, 2.1, 10.0, 1.67, 2.0, 11.0, 1.1, 12.5, 3.5, 3.25, 23.0, 14.0, 10.0, 12.0, 11.0, 23.0, 14.0, 10.0, 12.0, 12.0, 11.0, 0.3, 5.0, 5.0, 2.0, 0.8, 0.75, 8.5, 2.8, )
status <-c(0, 0, 0, 0, 0, 1, 0, 0, 0, 0, 1, 0, 0, 0, 0, 0, 0, 1, 1, 0, 0, 1, 1, 0, 0, 0, 0, 0, 0, 0, 0, 0, 0, 0, 0, 0, 0, 0, 0, 0, 0, 0, 0, 1, )
   
SKIC2---------------------
boys
time <- c(8.0, 2.8, 1.5, 9.0, 1.67, 5.0, 4.0, 2.1, 1.67, 2.0, 12.5, 3.5, 14.0, 12.0, 2.0, 8.5, 2.8, )
status <-c(0, 0, 1, 0, 0, 0, 0, 1, 0, 1, 0, 0, 0, 0, 0, )
   
SKIC2---------------------
girls
time <- c(8.0, 3.4, 0.625, 1.25, 1.33, 4.0, 2.0, 1.0, 0.9, 4.0, 1.67, 10.0, 11.0, 1.1, 3.25, 23.0, 10.0, 11.0, 0.3, 5.0, 5.0, 0.8, 0.75, )
status <-c(0, 0, 0, 0, 0, 0, 1, 0, 0, 0, 1, 0, 1, 0, 0, 0, 0, 0, 0, 0, 0, 0, 1, )
Building disease table for gene ABCB11
Missing sex for patient THES123_131
Missing sex for patient THES123_132
Missing sex for patient THES123_133
Missing sex for patient THES123_134
Missing sex for patient THES123_135
Missing sex for patient THES123_136
Missing sex for patient THES123_150
Missing sex for patient THES123_277
Missing sex for patient THES123_297
Missing sex for patient THES123_298
Missing sex for patient THES123_299
Missing sex for patient THES123_374
Missing sex for patient THES123_375
Missing sex for patient THES123_376
Missing sex for patient THES123_377
Missing sex for patient THES123_378
Missing sex for patient THES123_379
   
ABCB11---------------------
all
time <- c(34.0, 48.0, 47.0, 45.0, 32.0, 26.0, 42.0, 23.0, 51.0, 27.0, 52.0, 33.0, 18.0, 18.0, 25.0, 28.0, 33.0, 38.0, 41.0, 49.0, 41.0, 22.0, 44.0, 62.0, 33.0, 1.75, 2.3, 1.9, 1.8, 2.4, 1.3, 1.25, 4.3, 1.0, 1.2, 2.1, 24.0, 4.0, 12.0, 12.0, 8.28, 12.0, 2.7600000000000002, 96.0, 3.3, 18.0, 1.0, 4.5, 2.0, 2.0, 3.0, 5.0, 2.5, 5.5, 2.0, 1.5, 3.5, 2.5, 1.0, 3.0, 1.0, 1.0, 1.2, 13.0, 12.0, 2.5, 4.0, 2.5, 1.0, 2.0, 6.0, 2.0, 9.0, 7.0, 13.0, 3.5, 36.0, 1.0, 2.0, 0.3, 16.0, 0.5, 0.6, 0.5, 0.5, 180.0, 1.2000000000000002, 7.199999999999999, 12.0, 4.800000000000001, 3.0, 7.199999999999999, 6.0, 6.0, 12.0, 18.0, 3.0, 3.5999999999999996, 20.4, 6.0, 6.0, 3.0, 18.0, 10.8, 12.0, 10.8, 10.8, 24.0, 12.0, 120.0, 12.0, 60.0, 12.0, 72.0, 7.0, 0.33, 204.0, 8.0, 48.0, 60.0, 96.0, 24.0, 60.0, 2.5, 0.8, 10.8, 3.0, 96.0, 60.0, 1.0, 6.6, 27.0, 7.5, 16.0, 7.0, 9.0, 9.0, 5.0, )
